xn=[
0
0
-1
-1
-1
-2
-1
0
-1
-2
-1
-1
-1
-1
-1
0
1
0
0
0
0
0
-1
0
0
0
0
-1
0
0
0
1
1
1
1
2
1
1
2
1
1
1
0
0
1
1
1
0
1
1
1
1
1
0
1
1
0
2
0
2
0
1
0
0
0
0
0
-1
0
1
-1
-1
0
0
0
0
0
-2
0
0
-1
0
-1
-1
-2
-2
-1
-2
-1
-2
-2
-1
-1
-2
-2
-1
-2
0
-1
-2
0
-1
-2
0
-1
0
1
0
0
0
1
1
0
0
1
0
0
-1
1
0
0
0
0
0
1
0
0
1
0
-1
0
1
-1
-1
0
0
-1
0
0
-1
0
-1
0
0
-2
-2
-1
-2
-1
-2
-1
0
-1
0
-1
-2
-1
-2
0
-1
0
0
-1
-1
-1
-1
-1
0
0
0
0
-1
0
-1
-1
-1
0
1
-1
-1
-1
-2
0
0
0
1
-1
1
-1
1
0
-1
0
1
0
-1
0
0
0
0
-1
-1
0
1
-1
-1
1
0
-1
-1
-1
1
1
1
3
3
3
2
2
2
0
0
-2
-4
-7
-9
-11
-14
-10
-9
-10
1
5
10
16
20
22
21
24
20
13
10
0
-12
-20
-29
-37
-42
-34
-32
-31
-12
-3
6
24
32
40
40
47
38
29
25
10
-5
-14
-25
-35
-38
-37
-37
-31
-20
-11
-1
11
20
24
29
31
27
22
14
5
-2
-11
-19
-24
-26
-27
-27
-21
-16
-9
-3
5
11
15
20
20
19
17
13
7
3
-3
-10
-15
-17
-18
-19
-17
-16
-11
-6
-1
4
8
10
13
14
14
13
11
7
4
0
-4
-8
-11
-13
-13
-12
-11
-7
-3
-2
2
4
8
11
11
14
10
6
5
2
0
-2
-4
-6
-6
-3
-5
-2
0
3
5
6
7
6
4
-1
-6
-14
-24
-34
-44
-51
-32
-54
-30
-14
-16
12
28
33
52
58
62
54
54
44
25
16
4
-16
-22
-31
-37
-39
-34
-29
-24
-12
-2
3
15
19
25
28
27
25
20
14
6
-2
-8
-16
-21
-22
-26
-24
-21
-15
-12
-4
1
7
14
14
17
18
17
15
13
8
4
2
0
-2
-5
-7
-9
-26
-29
-43
-70
-78
-99
-68
-76
-78
-20
-13
8
54
70
82
94
109
87
74
66
33
1
-7
-33
-55
-53
-52
-58
-39
-20
-12
7
29
34
40
51
47
37
33
20
2
-6
-16
-32
-36
-36
-40
-35
-24
-18
-7
7
20
24
43
46
165
-29
143
120
-9
101
45
-38
-17
-57
-106
-176
-148
-227
-267
-183
-98
-304
29
-24
-28
115
204
106
207
233
181
92
186
50
-31
10
-50
-147
-91
-81
-146
-88
-11
-55
-3
77
57
60
124
103
60
89
70
0
6
-2
-66
-69
-48
-86
-79
-42
-35
-34
28
34
99
142
94
223
149
142
163
74
30
-23
-108
-193
-262
-344
-366
-429
-182
-470
-130
-75
-85
90
245
190
308
333
361
193
307
168
41
33
-18
-173
-147
-150
-212
-196
-90
-121
-72
32
51
56
146
150
118
143
144
64
49
52
-40
9
20
-51
48
72
58
93
98
65
31
14
-88
-163
-251
-315
-402
-131
-587
-130
-175
-200
-8
161
68
248
272
344
150
355
192
78
103
66
-132
-58
-83
-180
-152
-49
-132
-67
24
24
14
130
110
103
240
144
188
238
151
141
135
54
-30
-44
-109
-255
-232
-371
-438
-497
-352
-247
-649
156
-234
-35
226
296
173
449
407
346
222
424
65
34
88
-106
-251
-104
-213
-311
-146
-106
-193
-11
74
50
108
462
154
308
559
164
294
370
0
37
27
-215
-308
-259
-466
-581
-498
-656
-464
-321
-622
106
-221
112
246
375
345
513
484
470
282
437
119
52
46
-130
-266
-173
-281
-320
-203
-167
-163
-34
92
68
344
401
277
605
377
327
411
139
44
-1
-174
-325
-364
-468
-604
-636
-604
-707
-323
-462
-405
137
-98
176
410
412
412
564
548
367
357
366
52
18
27
-234
-271
-191
-319
-326
-164
-155
-160
97
270
109
535
498
339
590
423
193
282
63
-160
-178
-308
-536
-538
-594
-774
-650
-705
-331
-639
-263
111
-187
276
487
323
547
648
544
417
518
338
100
120
32
-278
-191
-211
-396
-313
-159
-283
-112
139
89
378
411
461
521
461
417
278
190
52
-149
-201
-390
-541
-561
-717
-785
-757
-737
-369
-778
-114
-28
-138
334
534
315
700
683
608
493
618
337
154
182
13
-290
-149
-258
-448
-266
-225
-214
32
115
265
335
497
461
425
460
274
175
104
-155
-271
-378
-594
-684
-749
-841
-887
-525
-680
-609
10
-201
55
470
441
489
785
718
604
639
621
295
248
218
-114
-195
-136
-387
-382
-246
-113
-318
155
228
27
511
447
172
545
290
60
186
-90
-338
-327
-535
-753
-729
-848
-778
-602
-768
-306
-233
-149
225
356
396
673
683
702
676
681
528
394
311
160
-65
-70
-213
-314
-159
-319
-201
14
-97
110
280
148
313
347
171
217
134
-90
-132
-288
-483
-571
-693
-808
-706
-597
-735
-505
-102
-279
37
399
316
436
804
597
603
721
602
360
409
274
11
-18
14
-208
-256
-23
-230
-142
139
-59
80
297
90
162
239
43
-38
-21
-256
-414
-440
-635
-797
-665
-541
-917
-404
-238
-430
14
369
78
529
719
534
633
806
544
479
506
340
111
152
47
-172
-92
-73
-257
-66
-2
-120
65
151
10
144
142
-6
18
-68
-241
-295
-454
-592
-662
-713
-475
-852
-485
-220
-404
-136
390
45
398
718
528
522
859
542
465
563
395
122
245
88
-111
-58
-32
-221
-90
-7
-108
-25
134
16
50
136
19
-26
-23
-178
-303
-336
-546
-591
-752
-500
-624
-804
-233
-249
-443
184
344
11
564
777
355
638
875
405
427
666
259
90
316
59
-188
66
-53
-260
-12
18
-187
42
117
-74
32
113
-104
-84
-89
-297
-385
-428
-587
-726
-525
-515
-827
-327
-178
-407
-48
427
55
334
772
517
404
860
602
322
578
510
74
217
251
-97
-75
66
-149
-149
22
-75
-84
45
4
-33
8
-50
-82
-174
-271
-324
-473
-588
-645
-551
-505
-747
-394
-161
-319
-171
393
193
204
652
689
349
672
749
398
377
584
247
103
207
98
-82
-33
-50
-49
-84
-87
8
21
-95
1
30
-118
-139
-120
-279
-400
-443
-524
-687
-582
-410
-693
-498
-143
-161
-258
260
349
253
431
721
513
536
619
556
399
424
278
237
147
28
3
45
-99
-78
0
-42
-79
21
-12
-47
-54
-72
-135
-192
-306
-381
-466
-555
-696
-559
-421
-648
-517
-166
-90
-184
164
350
382
432
602
565
632
568
475
439
458
256
164
152
81
-17
-23
-73
-44
-18
-60
-59
38
7
-45
-53
-51
-110
-186
-300
-368
-435
-543
-667
-645
-428
-534
-549
-348
-68
-69
88
205
393
494
602
495
574
629
568
386
375
304
252
129
28
-34
22
-31
-81
-80
-20
-7
24
-6
-18
-14
-26
-96
-167
-248
-320
-398
-504
-603
-688
-537
-434
-495
-457
-232
-53
80
200
270
382
560
618
538
525
537
489
413
310
166
149
121
32
-54
-62
-73
-18
0
-23
-37
34
47
30
-33
-90
-122
-136
-240
-349
-426
-486
-553
-628
-532
-429
-399
-353
-228
-83
83
241
312
351
448
542
553
534
472
393
330
289
192
126
55
-15
-43
-16
-24
-10
3
14
33
73
62
43
9
-50
-98
-127
-185
-262
-349
-436
-468
-495
-532
-453
-404
-335
-256
-129
-53
76
193
291
345
423
449
450
437
406
332
266
209
137
76
39
10
-16
0
9
35
69
74
59
66
66
48
16
-17
-79
-132
-172
-213
-251
-300
-327
-377
-448
-462
-370
-307
-242
-197
-123
-78
21
131
240
291
345
352
344
330
322
277
221
169
109
59
51
46
35
60
73
88
89
82
65
72
56
26
-16
-35
-68
-111
-156
-167
-195
-224
-242
-272
-298
-333
-344
-294
-256
-205
-161
-106
-79
-12
57
148
199
256
264
255
220
215
202
188
157
127
91
78
101
109
109
121
116
105
98
77
58
35
19
0
-24
-55
-82
-100
-113
-141
-162
-172
-183
-198
-218
-250
-289
-272
-245
-205
-171
-120
-93
-61
-17
56
119
165
194
195
173
162
179
178
167
156
151
132
142
147
136
131
132
109
94
71
50
25
4
-17
-23
-36
-52
-70
-85
-97
-113
-124
-133
-150
-165
-184
-209
-248
-257
-235
-205
-169
-135
-95
-79
-43
7
77
116
154
167
171
156
174
176
173
161
162
152
142
135
128
117
102
93
82
63
42
26
7
-2
-17
-23
-31
-46
-64
-74
-94
-109
-121
-134
-150
-163
-179
-200
-237
-234
-207
-169
-137
-106
-74
-58
-25
22
85
115
142
144
154
143
152
151
149
135
139
131
123
113
99
94
89
81
73
63
43
29
17
6
-10
-15
-26
-37
-51
-62
-79
-94
-106
-117
-127
-137
-150
-165
-193
-212
-185
-160
-120
-103
-69
-55
-32
-9
47
87
113
121
132
131
125
130
133
131
121
122
119
113
96
92
86
82
73
66
47
33
22
8
-6
-16
-17
-25
-39
-56
-61
-73
-91
-103
-113
-124
-136
-154
-174
-205
-197
-165
-125
-100
-85
-63
-45
-18
13
71
100
119
115
128
124
126
120
127
123
109
101
108
97
83
80
80
76
68
61
57
34
16
8
-5
-6
-17
-34
-40
-53
-74
-86
-98
-113
-130
-141
-153
-178
-210
-220
-190
-144
-97
-90
-66
-49
-20
0
55
100
130
121
127
129
124
116
124
123
111
118
105
95
91
86
80
94
87
68
60
46
26
20
5
-7
-5
-18
-48
-61
-74
-92
-110
-133
-152
-172
-183
-208
-255
-245
-196
-130
-89
-75
-54
-32
5
28
84
130
169
146
135
124
137
120
115
115
136
105
88
88
95
89
81
97
105
89
67
54
32
21
24
13
-32
-27
-56
-76
-99
-142
-156
-172
-191
-223
-268
-323
-293
-232
-131
-75
-50
-34
-8
27
60
129
186
221
166
138
104
119
124
133
116
108
80
70
74
81
98
123
125
123
111
70
70
43
33
33
-9
-22
-42
-75
-107
-132
-175
-202
-232
-266
-320
-393
-395
-295
-164
-54
-41
-15
0
73
108
181
224
272
228
151
72
89
125
127
86
49
46
43
37
39
90
143
193
188
173
131
103
78
49
40
32
-37
-78
-89
-138
-157
-218
-256
-308
-350
-432
-521
-474
-324
-95
24
38
17
57
158
237
325
348
352
229
97
-15
30
88
113
22
-41
-71
-25
22
70
136
208
274
276
256
193
145
80
53
22
-21
-98
-144
-180
-187
-234
-320
-404
-482
-541
-632
-571
-356
-61
105
105
69
121
296
409
474
408
344
187
57
-65
-49
-6
14
-73
-157
-150
-51
70
143
211
272
375
427
417
318
199
74
-15
-76
-130
-168
-237
-264
-322
-368
-416
-493
-625
-750
-775
-498
-95
240
232
130
90
330
586
698
557
331
134
-6
-79
-132
-92
-100
